41.85
78.92
24.34
11.3
75.98
42.75
23.92
39.78
30.86
36.58
62.84
7.39
65.44
16.45
54.97
48.0
52.43
77.7
89.98
32.14
69.02
16.74
52.58
35.78
74.52
79.67
15.07
94.65
80.0
0.15
24.96
53.84
86.33
92.45
39.39
18.18
70.28
18.6
93.26
14.49
9.29
88.66
59.24
10.33
30.26
4.11
2.1
87.43
95.78
76.38
67.84
83.94
68.59
72.51
39.26
14.05
85.01
5.02
10.25
42.59
57.43
75.75
89.69
88.79
10.0
43.23
52.16
64.74
38.07
21.89
0.38
1.53
27.06
31.57
45.56
44.16
43.67
58.59
50.23
82.94
35.79
53.25
11.81
64.13
43.54
24.58
18.14
42.97
48.68
87.64
2.12
69.08
93.34
55.08
51.01
33.86
28.05
45.75
83.61
26.44
60.28
6.33
58.41
74.46
60.65
71.55
37.78
74.12
2.27
97.31
73.34
19.18
45.12
74.9
73.57
85.69
1.82
1.35
49.81
78.43
21.22
18.03
58.12
67.15
51.52
91.44
36.2
75.53
40.61
35.0
84.16
74.57
54.06
89.71
61.05
89.0
11.89
13.02
38.32
16.11
15.29
24.4
76.96
24.22
62.23
65.89
71.66
34.11
40.09
13.98
9.21
93.34
76.35
63.71
2.48
9.13
77.48
2.46
15.4
31.95
26.24
67.64
29.83
20.72
53.19
57.99
80.6
12.29
20.32
61.75
14.47
29.66
41.19
17.47
99.99
11.47
72.07
55.01
46.07
31.89
11.94
54.19
99.34
52.95
89.38
54.45
92.02
19.27
69.7
30.96
50.4
84.9
64.24
48.57
22.25
13.79
36.6
3.61
32.11
8.84
55.86
72.34
52.08
61.41
72.14
34.89
7.05
63.44
62.75
75.02
27.25
51.09
74.84
75.18
4.03
87.0
84.97
25.67
54.79
30.51
87.79
51.24
22.98
99.61
89.46
67.59
29.41
59.2
34.17
91.93
84.04
17.51
58.71
91.5
21.22
2.37
76.47
40.59
98.28
3.86
74.66
35.47
43.82
83.97
31.62
29.45
17.0
45.13
47.82
23.62
0.18
18.88
14.16
89.38
98.93
41.95
95.58
62.34
22.88
78.09
79.14
95.88
3.76
62.66
85.2
75.94
71.48
82.43
68.95
4.48
71.1
55.36
90.4
73.26
81.65
86.23
46.73
31.65
30.61
84.3
76.61
25.53
52.27
76.53
66.56
59.59
55.31
56.8
83.45
53.18
29.77
7.84
39.8
17.72
41.23
96.01
90.57
9.65
9.82
72.88
67.5
64.53
81.22
11.48
54.23
61.66
65.92
25.43
42.81
36.36
23.69
40.91
47.0
84.61
98.08
87.54
94.96
74.18
37.22
74.46
56.63
21.74
58.96
21.06
67.0
60.09
71.78
24.66
97.15
27.54
80.85
43.62
88.17
17.8
72.78
75.63
32.86
99.08
75.88
88.06
21.12
81.96
28.57
45.77
90.79
60.82
84.0
0.72
24.22
44.7
63.5
31.89
56.86
24.0
1.65
91.44
64.31
93.89
6.94
46.86
75.64
81.53
1.91
97.31
73.65
20.95
49.76
26.15
32.58
16.26
20.45
1.79
59.27
7.76
5.51
14.97
28.36
31.24
71.64
54.91
85.77
88.44
19.28
57.07
22.37
85.21
97.95
47.04
95.51
46.66
16.71
90.15
97.24
14.53
66.56
21.79
26.34
22.5
27.78
89.49
22.26
8.44
71.75
7.66
38.2
32.05
16.91
40.3
96.02
15.28
26.99
33.82
61.52
23.79
78.16
97.41
36.92
76.86
72.27
8.71
62.81
64.96
22.04
19.79
76.36
44.79
89.95
24.27
87.43
82.98
24.57
95.18
31.55
92.01
43.1
2.7
54.45
3.98
37.13
71.13
76.4
1.57
47.43
95.43
25.02
1.36
9.65
76.66
24.12
15.15
91.93
59.85
21.45
56.55
15.06
90.25
34.56
17.19
52.77
5.21
52.27
72.35
67.8
80.41
76.66
80.17
50.87
65.44
12.51
0.54
72.52
57.05
70.93
1.4
62.42
73.46
50.23
10.61
10.18
82.0
62.91
32.54
6.81
60.39
57.78
19.27
32.5
41.97
53.73
51.16
61.3
97.77
25.56
43.12
94.84
30.09
65.87
23.86
38.11
5.64
15.0
47.65
66.32
32.35
66.35
68.56
33.83
46.76
99.84
4.18
72.37
34.55
90.51
86.83
56.19
88.78
86.1
98.54
12.01
25.09
50.46
35.56
17.49
30.23
56.06
65.47
31.93
38.26
93.53
29.82
58.51
17.8
38.69
91.01
47.97
44.82
39.07
83.5
31.06
76.16
8.07
71.79
92.21
72.33
62.48
85.95
69.85
62.48
31.63
10.25
23.4
31.42
60.46
81.68
90.07
42.2
24.74
54.79
77.13
99.98
79.17
15.94
17.93
70.89
62.95
42.44
29.83
1.17
9.97
40.98
83.09
90.22
27.16
72.78
64.83
18.32
38.47
15.04
34.93
1.07
18.96
5.44
14.19
26.32
33.09
85.55
61.98
4.89
40.44
56.09
82.39
4.47
37.41
72.52
63.03
31.06
82.91
88.35
77.73
58.59
2.07
22.64
21.09
89.27
97.72
85.18
19.32
61.87
80.33
4.46
65.57
99.43
37.25
73.21
88.0
23.34
17.67
26.62
0.23
67.67
24.57
21.76
16.34
11.04
43.97
33.89
50.33
30.21
7.49
20.16
78.69
97.75
30.4
67.17
12.67
46.07
34.24
71.56
16.45
7.93
41.61
70.07
17.86
51.38
6.53
89.2
88.6
68.84
93.68
99.94
55.23
72.37
91.59
18.99
57.79
44.64
4.35
78.8
23.59
74.33
92.87
67.89
64.74
31.28
18.13
70.79
21.03
51.64
58.16
48.44
36.06
5.28
87.36
83.43
24.72
38.36
58.59
12.43
7.99
24.12
69.49
88.77
60.52
10.93
96.18
57.88
49.04
96.16
85.4
39.87
39.01
5.06
90.94
53.13
58.17
22.1
66.04
25.07
22.9
82.92
77.81
45.2
67.89
66.91
93.78
91.87
70.3
16.08
60.76
87.32
87.73
36.19
41.26
96.72
15.09
57.05
33.67
55.71
53.12
68.56
30.03
23.58
96.58
13.23
62.15
29.47
79.83
67.08
50.51
46.31
35.33
91.24
20.87
42.6
5.31
16.96
17.0
5.94
67.51
4.84
52.92
95.69
59.9
91.68
93.77
28.49
3.8
96.48
50.55
47.63
80.15
75.02
17.15
64.19
66.78
73.4
96.76
40.96
0.27
38.33
78.29
98.09
83.02
56.23
78.38
5.18
42.86
54.52
72.71
54.51
98.99
17.68
41.19
79.22
19.46
17.3
64.97
75.82
52.46
96.17
4.37
44.89
58.05
93.86
13.63
73.6
9.27
78.38
85.07
33.77
38.61
28.43
42.99
62.58
97.48
27.4
46.65
3.98
38.47
16.27
83.15
19.69
24.72
15.23
69.81
12.65
27.52
12.17
59.31
31.19
44.64
22.1
29.66
1.36
72.03
77.19
57.41
70.36
15.78
4.9
79.9
21.61
23.3
71.68
40.87
23.6
3.88
85.9
40.21
87.12
46.77
78.85
45.84
75.97
87.23
61.32
87.18
97.86
72.77
47.25
19.97
75.07
82.58
64.43
55.65
99.12
94.92
59.04
64.12
94.07
6.44
6.19
99.34
50.09
48.35
65.77
80.79
2.24
35.0
62.44
62.98
48.69
50.11
81.87
65.13
95.2
71.4
29.21
92.35
15.78
96.85
0.56
38.45
82.73
88.68
88.6
60.12
20.03
50.44
98.4
84.83
67.25
13.68
24.58
7.41
5.77
5.5
76.53
53.73
91.78
6.07
86.07
23.78
96.54
7.96
80.25
78.16
32.53
44.42
94.58
42.11
39.09
83.23
68.93
78.63
76.25
13.92
77.22
95.23
99.77
67.02
55.68
90.25
85.01
75.79
99.8
22.87
95.53
19.65
27.15
89.94
81.61
32.95
52.49
9.38
65.17
72.99
50.22
79.8
43.87
56.02
79.04
85.27
98.08
46.85
34.04
47.76
7.87
4.33
98.4
58.56
38.81
79.42
49.81
39.76
21.82
54.33
62.79
73.38
61.17
38.74
29.05
55.82
44.49
67.3
85.01
78.43
42.15
62.52
62.91
66.62
83.22
32.57
66.74
65.55
75.84
55.54
99.98
73.49
57.25
0.88
11.33
67.4
46.67
5.96
2.01
94.5
14.89
22.63
81.37
18.95
37.81
59.34
45.88
14.17
60.21
60.47
2.8
73.7
95.36
24.32
54.07
14.87
16.8
7.0
75.57
28.23
31.28
29.83
99.25
